ALL = BLACK

Rook
w0
30 38
[0, 0, 0, 0, 0, 0, 0, 1, 0, 0, 0, 0]
w0
30 39
[0, 0, 0, 0, 0, 0, 0, 1, 0, 0, 0, 0]
w0
30 40
[0, 0, 0, 0, 0, 0, 0, 1, 0, 0, 0, 0]
w0
31 38
[0, 0, 0, 0, 0, 0, 0, 1, 0, 0, 0, 0]
w0
31 39
[0, 0, 0, 0, 0, 0, 0, 1, 0, 0, 0, 0]
w0
31 40
[0, 0, 0, 0, 0, 0, 0, 1, 0, 0, 0, 0]
w0
32 38
[0, 0, 0, 0, 0, 0, 0, 1, 0, 0, 0, 0]
w0
81 38
[0, 0, 0, 0, 0, 0, 0, 1, 0, 0, 0, 0]
w0
82 38
[0, 0, 0, 0, 0, 0, 0, 1, 0, 0, 0, 0]
w0
90 47
[0, 0, 0, 0, 0, 0, 0, 1, 0, 0, 0, 0]
w0
91 38
[0, 0, 0, 0, 0, 0, 0, 1, 0, 0, 0, 0]
w0
92 38
[0, 0, 0, 0, 0, 0, 0, 1, 0, 0, 0, 0]
w0
92 39
[0, 0, 0, 0, 0, 0, 0, 1, 0, 0, 0, 0]
w0
93 38
[0, 0, 0, 0, 0, 0, 0, 1, 0, 0, 0, 0]
w0
93 39
[0, 0, 0, 0, 0, 0, 0, 1, 0, 0, 0, 0]
w0
93 40
[0, 0, 0, 0, 0, 0, 0, 1, 0, 0, 0, 0]
w0
94 38
[0, 0, 0, 0, 0, 0, 0, 1, 0, 0, 0, 0]
w0
94 39
[0, 0, 0, 0, 0, 0, 0, 1, 0, 0, 0, 0]
w0
94 40
[0, 0, 0, 0, 0, 0, 0, 1, 0, 0, 0, 0]
w0
94 41
[0, 0, 0, 0, 0, 0, 0, 1, 0, 0, 0, 0]
w0
95 38
[0, 0, 0, 0, 0, 0, 0, 1, 0, 0, 0, 0]
w0
95 39
[0, 0, 0, 0, 0, 0, 0, 1, 0, 0, 0, 0]
w0
95 40
[0, 0, 0, 0, 0, 0, 0, 1, 0, 0, 0, 0]
w0
95 41
[0, 0, 0, 0, 0, 0, 0, 1, 0, 0, 0, 0]
w0
96 38
[0, 0, 0, 0, 0, 0, 0, 1, 0, 0, 0, 0]
w0
96 39
[0, 0, 0, 0, 0, 0, 0, 1, 0, 0, 0, 0]
w0
96 40
[0, 0, 0, 0, 0, 0, 0, 1, 0, 0, 0, 0]
w0
96 41
[0, 0, 0, 0, 0, 0, 0, 1, 0, 0, 0, 0]
w0
97 38
[0, 0, 0, 0, 0, 0, 0, 1, 0, 0, 0, 0]
w0
97 39
[0, 0, 0, 0, 0, 0, 0, 1, 0, 0, 0, 0]
w0
97 40
[0, 0, 0, 0, 0, 0, 0, 1, 0, 0, 0, 0]


Knight
w1
23 72
[0, 0, 0, 0, 0, 0, 0, 0, 1, 0, 0, 0]
w1
23 73
[0, 0, 0, 0, 0, 0, 0, 0, 1, 0, 0, 0]
w1
23 74
[0, 0, 0, 0, 0, 0, 0, 0, 1, 0, 0, 0]
w1
95 47
[0, 0, 0, 0, 0, 0, 0, 0, 1, 0, 0, 0]
w1
95 48
[0, 0, 0, 0, 0, 0, 0, 0, 1, 0, 0, 0]
w1
96 48
[0, 0, 0, 0, 0, 0, 0, 0, 1, 0, 0, 0]
w1
96 49
[0, 0, 0, 0, 0, 0, 0, 0, 1, 0, 0, 0]
w1
96 50
[0, 0, 0, 0, 0, 0, 0, 0, 1, 0, 0, 0]
w1
97 49
[0, 0, 0, 0, 0, 0, 0, 0, 1, 0, 0, 0]
w1
97 50
[0, 0, 0, 0, 0, 0, 0, 0, 1, 0, 0, 0]
w1
98 51
[0, 0, 0, 0, 0, 0, 0, 0, 1, 0, 0, 0]
w1
103 112
[0, 0, 0, 0, 0, 0, 0, 0, 1, 0, 0, 0]
w1
104 72
[0, 0, 0, 0, 0, 0, 0, 0, 1, 0, 0, 0]
w1
104 73
[0, 0, 0, 0, 0, 0, 0, 0, 1, 0, 0, 0]
w1
104 112
[0, 0, 0, 0, 0, 0, 0, 0, 1, 0, 0, 0]
w1
105 78
[0, 0, 0, 0, 0, 0, 0, 0, 1, 0, 0, 0]
w1
105 79
[0, 0, 0, 0, 0, 0, 0, 0, 1, 0, 0, 0]
w1
105 80
[0, 0, 0, 0, 0, 0, 0, 0, 1, 0, 0, 0]
w1
105 81
[0, 0, 0, 0, 0, 0, 0, 0, 1, 0, 0, 0]
w1
105 82
[0, 0, 0, 0, 0, 0, 0, 0, 1, 0, 0, 0]
w1
105 83
[0, 0, 0, 0, 0, 0, 0, 0, 1, 0, 0, 0]
w1
105 84
[0, 0, 0, 0, 0, 0, 0, 0, 1, 0, 0, 0]
w1
105 112
[0, 0, 0, 0, 0, 0, 0, 0, 1, 0, 0, 0]
w1
106 82
[0, 0, 0, 0, 0, 0, 0, 0, 1, 0, 0, 0]
w1
106 83
[0, 0, 0, 0, 0, 0, 0, 0, 1, 0, 0, 0]
w1
106 84
[0, 0, 0, 0, 0, 0, 0, 0, 1, 0, 0, 0]
w1
106 85
[0, 0, 0, 0, 0, 0, 0, 0, 1, 0, 0, 0]
w1
106 86
[0, 0, 0, 0, 0, 0, 0, 0, 1, 0, 0, 0]
w1
106 87
[0, 0, 0, 0, 0, 0, 0, 0, 1, 0, 0, 0]
w1
106 88
[0, 0, 0, 0, 0, 0, 0, 0, 1, 0, 0, 0]
w1
106 89
[0, 0, 0, 0, 0, 0, 0, 0, 1, 0, 0, 0]
w1
106 90
[0, 0, 0, 0, 0, 0, 0, 0, 1, 0, 0, 0]
w1
106 91
[0, 0, 0, 0, 0, 0, 0, 0, 1, 0, 0, 0]
w1
106 92
[0, 0, 0, 0, 0, 0, 0, 0, 1, 0, 0, 0]
w1
106 93
[0, 0, 0, 0, 0, 0, 0, 0, 1, 0, 0, 0]
w1
106 94
[0, 0, 0, 0, 0, 0, 0, 0, 1, 0, 0, 0]
w1
106 95
[0, 0, 0, 0, 0, 0, 0, 0, 1, 0, 0, 0]
w1
106 96
[0, 0, 0, 0, 0, 0, 0, 0, 1, 0, 0, 0]
w1
106 97
[0, 0, 0, 0, 0, 0, 0, 0, 1, 0, 0, 0]
w1
106 98
[0, 0, 0, 0, 0, 0, 0, 0, 1, 0, 0, 0]
w1
106 99
[0, 0, 0, 0, 0, 0, 0, 0, 1, 0, 0, 0]
w1
106 100
[0, 0, 0, 0, 0, 0, 0, 0, 1, 0, 0, 0]
w1
106 101
[0, 0, 0, 0, 0, 0, 0, 0, 1, 0, 0, 0]
w1
106 102
[0, 0, 0, 0, 0, 0, 0, 0, 1, 0, 0, 0]
w1
106 112
[0, 0, 0, 0, 0, 0, 0, 0, 1, 0, 0, 0]


Bishop (white)
w2
21 107
[0, 0, 0, 0, 0, 0, 0, 0, 0, 1, 0, 0]
w2
22 106
[0, 0, 0, 0, 0, 0, 0, 0, 0, 1, 0, 0]
w2
22 107
[0, 0, 0, 0, 0, 0, 0, 0, 0, 1, 0, 0]
w2
23 106
[0, 0, 0, 0, 0, 0, 0, 0, 0, 1, 0, 0]
w2
24 105
[0, 0, 0, 0, 0, 0, 0, 0, 0, 1, 0, 0]
w2
24 106
[0, 0, 0, 0, 0, 0, 0, 0, 0, 1, 0, 0]
w2
25 105
[0, 0, 0, 0, 0, 0, 0, 0, 0, 1, 0, 0]
w2
25 106
[0, 0, 0, 0, 0, 0, 0, 0, 0, 1, 0, 0]
w2
26 105
[0, 0, 0, 0, 0, 0, 0, 0, 0, 1, 0, 0]
w2
26 106
[0, 0, 0, 0, 0, 0, 0, 0, 0, 1, 0, 0]
w2
27 105
[0, 0, 0, 0, 0, 0, 0, 0, 0, 1, 0, 0]
w2
27 106
[0, 0, 0, 0, 0, 0, 0, 0, 0, 1, 0, 0]
w2
28 104
[0, 0, 0, 0, 0, 0, 0, 0, 0, 1, 0, 0]
w2
29 104
[0, 0, 0, 0, 0, 0, 0, 0, 0, 1, 0, 0]
w2
30 104
[0, 0, 0, 0, 0, 0, 0, 0, 0, 1, 0, 0]
w2
31 104
[0, 0, 0, 0, 0, 0, 0, 0, 0, 1, 0, 0]
w2
60 20
[0, 0, 0, 0, 0, 0, 0, 0, 0, 1, 0, 0]
w2
60 21
[0, 0, 0, 0, 0, 0, 0, 0, 0, 1, 0, 0]
w2
60 22
[0, 0, 0, 0, 0, 0, 0, 0, 0, 1, 0, 0]
w2
60 23
[0, 0, 0, 0, 0, 0, 0, 0, 0, 1, 0, 0]
w2
60 24
[0, 0, 0, 0, 0, 0, 0, 0, 0, 1, 0, 0]
w2
61 19
[0, 0, 0, 0, 0, 0, 0, 0, 0, 1, 0, 0]
w2
61 23
[0, 0, 0, 0, 0, 0, 0, 0, 0, 1, 0, 0]
w2
61 24
[0, 0, 0, 0, 0, 0, 0, 0, 0, 1, 0, 0]
w2
61 25
[0, 0, 0, 0, 0, 0, 0, 0, 0, 1, 0, 0]
w2
62 24
[0, 0, 0, 0, 0, 0, 0, 0, 0, 1, 0, 0]
w2
62 25
[0, 0, 0, 0, 0, 0, 0, 0, 0, 1, 0, 0]
w2
62 26
[0, 0, 0, 0, 0, 0, 0, 0, 0, 1, 0, 0]
w2
63 24
[0, 0, 0, 0, 0, 0, 0, 0, 0, 1, 0, 0]
w2
63 25
[0, 0, 0, 0, 0, 0, 0, 0, 0, 1, 0, 0]
w2
63 26
[0, 0, 0, 0, 0, 0, 0, 0, 0, 1, 0, 0]
w2
64 24
[0, 0, 0, 0, 0, 0, 0, 0, 0, 1, 0, 0]
w2
64 25
[0, 0, 0, 0, 0, 0, 0, 0, 0, 1, 0, 0]
w2
64 26
[0, 0, 0, 0, 0, 0, 0, 0, 0, 1, 0, 0]
w2
65 24
[0, 0, 0, 0, 0, 0, 0, 0, 0, 1, 0, 0]
w2
65 25
[0, 0, 0, 0, 0, 0, 0, 0, 0, 1, 0, 0]
w2
65 26
[0, 0, 0, 0, 0, 0, 0, 0, 0, 1, 0, 0]
w2
66 19
[0, 0, 0, 0, 0, 0, 0, 0, 0, 1, 0, 0]
w2
66 23
[0, 0, 0, 0, 0, 0, 0, 0, 0, 1, 0, 0]
w2
66 24
[0, 0, 0, 0, 0, 0, 0, 0, 0, 1, 0, 0]
w2
66 25
[0, 0, 0, 0, 0, 0, 0, 0, 0, 1, 0, 0]
w2
67 20
[0, 0, 0, 0, 0, 0, 0, 0, 0, 1, 0, 0]
w2
67 21
[0, 0, 0, 0, 0, 0, 0, 0, 0, 1, 0, 0]
w2
67 22
[0, 0, 0, 0, 0, 0, 0, 0, 0, 1, 0, 0]
w2
67 23
[0, 0, 0, 0, 0, 0, 0, 0, 0, 1, 0, 0]
w2
67 24
[0, 0, 0, 0, 0, 0, 0, 0, 0, 1, 0, 0]


Queen
w3
11 29
[0, 0, 0, 0, 0, 0, 0, 0, 0, 0, 1, 0]
w3
12 28
[0, 0, 0, 0, 0, 0, 0, 0, 0, 0, 1, 0]
w3
22 41
[0, 0, 0, 0, 0, 0, 0, 0, 0, 0, 1, 0]
w3
23 42
[0, 0, 0, 0, 0, 0, 0, 0, 0, 0, 1, 0]
w3
24 44
[0, 0, 0, 0, 0, 0, 0, 0, 0, 0, 1, 0]
w3
32 23
[0, 0, 0, 0, 0, 0, 0, 0, 0, 0, 1, 0]
w3
33 20
[0, 0, 0, 0, 0, 0, 0, 0, 0, 0, 1, 0]
w3
33 21
[0, 0, 0, 0, 0, 0, 0, 0, 0, 0, 1, 0]
w3
34 19
[0, 0, 0, 0, 0, 0, 0, 0, 0, 0, 1, 0]
w3
34 20
[0, 0, 0, 0, 0, 0, 0, 0, 0, 0, 1, 0]
w3
35 18
[0, 0, 0, 0, 0, 0, 0, 0, 0, 0, 1, 0]
w3
35 19
[0, 0, 0, 0, 0, 0, 0, 0, 0, 0, 1, 0]
w3
36 18
[0, 0, 0, 0, 0, 0, 0, 0, 0, 0, 1, 0]
w3
37 17
[0, 0, 0, 0, 0, 0, 0, 0, 0, 0, 1, 0]
w3
37 18
[0, 0, 0, 0, 0, 0, 0, 0, 0, 0, 1, 0]
w3
38 17
[0, 0, 0, 0, 0, 0, 0, 0, 0, 0, 1, 0]
w3
39 17
[0, 0, 0, 0, 0, 0, 0, 0, 0, 0, 1, 0]
w3
40 17
[0, 0, 0, 0, 0, 0, 0, 0, 0, 0, 1, 0]
w3
41 17
[0, 0, 0, 0, 0, 0, 0, 0, 0, 0, 1, 0]
w3
41 18
[0, 0, 0, 0, 0, 0, 0, 0, 0, 0, 1, 0]
w3
42 17
[0, 0, 0, 0, 0, 0, 0, 0, 0, 0, 1, 0]
w3
42 18
[0, 0, 0, 0, 0, 0, 0, 0, 0, 0, 1, 0]
w3
43 18
[0, 0, 0, 0, 0, 0, 0, 0, 0, 0, 1, 0]
w3
44 19
[0, 0, 0, 0, 0, 0, 0, 0, 0, 0, 1, 0]
w3
45 20
[0, 0, 0, 0, 0, 0, 0, 0, 0, 0, 1, 0]
w3
46 21
[0, 0, 0, 0, 0, 0, 0, 0, 0, 0, 1, 0]
w3
46 22
[0, 0, 0, 0, 0, 0, 0, 0, 0, 0, 1, 0]
w3
86 18
[0, 0, 0, 0, 0, 0, 0, 0, 0, 0, 1, 0]
w3
103 44
[0, 0, 0, 0, 0, 0, 0, 0, 0, 0, 1, 0]
w3
104 30
[0, 0, 0, 0, 0, 0, 0, 0, 0, 0, 1, 0]
w3
104 42
[0, 0, 0, 0, 0, 0, 0, 0, 0, 0, 1, 0]
w3
105 41
[0, 0, 0, 0, 0, 0, 0, 0, 0, 0, 1, 0]
w3
115 28
[0, 0, 0, 0, 0, 0, 0, 0, 0, 0, 1, 0]
w3
116 29
[0, 0, 0, 0, 0, 0, 0, 0, 0, 0, 1, 0]


King
w4
16 58
[0, 0, 0, 0, 0, 0, 0, 0, 0, 0, 0, 1]
w4
16 59
[0, 0, 0, 0, 0, 0, 0, 0, 0, 0, 0, 1]
w4
16 60
[0, 0, 0, 0, 0, 0, 0, 0, 0, 0, 0, 1]
w4
16 61
[0, 0, 0, 0, 0, 0, 0, 0, 0, 0, 0, 1]
w4
16 62
[0, 0, 0, 0, 0, 0, 0, 0, 0, 0, 0, 1]
w4
16 63
[0, 0, 0, 0, 0, 0, 0, 0, 0, 0, 0, 1]
w4
16 64
[0, 0, 0, 0, 0, 0, 0, 0, 0, 0, 0, 1]
w4
16 65
[0, 0, 0, 0, 0, 0, 0, 0, 0, 0, 0, 1]
w4
16 66
[0, 0, 0, 0, 0, 0, 0, 0, 0, 0, 0, 1]
w4
16 67
[0, 0, 0, 0, 0, 0, 0, 0, 0, 0, 0, 1]
w4
17 55
[0, 0, 0, 0, 0, 0, 0, 0, 0, 0, 0, 1]
w4
17 56
[0, 0, 0, 0, 0, 0, 0, 0, 0, 0, 0, 1]
w4
17 57
[0, 0, 0, 0, 0, 0, 0, 0, 0, 0, 0, 1]
w4
17 58
[0, 0, 0, 0, 0, 0, 0, 0, 0, 0, 0, 1]
w4
17 59
[0, 0, 0, 0, 0, 0, 0, 0, 0, 0, 0, 1]
w4
17 60
[0, 0, 0, 0, 0, 0, 0, 0, 0, 0, 0, 1]
w4
17 61
[0, 0, 0, 0, 0, 0, 0, 0, 0, 0, 0, 1]
w4
17 62
[0, 0, 0, 0, 0, 0, 0, 0, 0, 0, 0, 1]
w4
17 63
[0, 0, 0, 0, 0, 0, 0, 0, 0, 0, 0, 1]
w4
17 64
[0, 0, 0, 0, 0, 0, 0, 0, 0, 0, 0, 1]
w4
17 65
[0, 0, 0, 0, 0, 0, 0, 0, 0, 0, 0, 1]
w4
17 66
[0, 0, 0, 0, 0, 0, 0, 0, 0, 0, 0, 1]
w4
18 54
[0, 0, 0, 0, 0, 0, 0, 0, 0, 0, 0, 1]
w4
18 55
[0, 0, 0, 0, 0, 0, 0, 0, 0, 0, 0, 1]
w4
18 56
[0, 0, 0, 0, 0, 0, 0, 0, 0, 0, 0, 1]
w4
18 57
[0, 0, 0, 0, 0, 0, 0, 0, 0, 0, 0, 1]
w4
18 58
[0, 0, 0, 0, 0, 0, 0, 0, 0, 0, 0, 1]
w4
18 59
[0, 0, 0, 0, 0, 0, 0, 0, 0, 0, 0, 1]
w4
18 60
[0, 0, 0, 0, 0, 0, 0, 0, 0, 0, 0, 1]
w4
19 52
[0, 0, 0, 0, 0, 0, 0, 0, 0, 0, 0, 1]
w4
19 53
[0, 0, 0, 0, 0, 0, 0, 0, 0, 0, 0, 1]
w4
19 54
[0, 0, 0, 0, 0, 0, 0, 0, 0, 0, 0, 1]
w4
19 55
[0, 0, 0, 0, 0, 0, 0, 0, 0, 0, 0, 1]
w4
19 56
[0, 0, 0, 0, 0, 0, 0, 0, 0, 0, 0, 1]
w4
22 74
[0, 0, 0, 0, 0, 0, 0, 0, 0, 0, 0, 1]
w4
23 75
[0, 0, 0, 0, 0, 0, 0, 0, 0, 0, 0, 1]
w4
27 47
[0, 0, 0, 0, 0, 0, 0, 0, 0, 0, 0, 1]
w4
31 93
[0, 0, 0, 0, 0, 0, 0, 0, 0, 0, 0, 1]
w4
92 46
[0, 0, 0, 0, 0, 0, 0, 0, 0, 0, 0, 1]
w4
93 46
[0, 0, 0, 0, 0, 0, 0, 0, 0, 0, 0, 1]
w4
98 46
[0, 0, 0, 0, 0, 0, 0, 0, 0, 0, 0, 1]
w4
98 47
[0, 0, 0, 0, 0, 0, 0, 0, 0, 0, 0, 1]
w4
99 47
[0, 0, 0, 0, 0, 0, 0, 0, 0, 0, 0, 1]
w4
99 48
[0, 0, 0, 0, 0, 0, 0, 0, 0, 0, 0, 1]
w4
100 47
[0, 0, 0, 0, 0, 0, 0, 0, 0, 0, 0, 1]
w4
100 48
[0, 0, 0, 0, 0, 0, 0, 0, 0, 0, 0, 1]
w4
103 77
[0, 0, 0, 0, 0, 0, 0, 0, 0, 0, 0, 1]
w4
103 78
[0, 0, 0, 0, 0, 0, 0, 0, 0, 0, 0, 1]
w4
104 76
[0, 0, 0, 0, 0, 0, 0, 0, 0, 0, 0, 1]
w4
104 77
[0, 0, 0, 0, 0, 0, 0, 0, 0, 0, 0, 1]
w4
107 70
[0, 0, 0, 0, 0, 0, 0, 0, 0, 0, 0, 1]
w4
107 71
[0, 0, 0, 0, 0, 0, 0, 0, 0, 0, 0, 1]
w4
107 72
[0, 0, 0, 0, 0, 0, 0, 0, 0, 0, 0, 1]
w4
107 73
[0, 0, 0, 0, 0, 0, 0, 0, 0, 0, 0, 1]
w4
108 53
[0, 0, 0, 0, 0, 0, 0, 0, 0, 0, 0, 1]
w4
108 54
[0, 0, 0, 0, 0, 0, 0, 0, 0, 0, 0, 1]
w4
108 55
[0, 0, 0, 0, 0, 0, 0, 0, 0, 0, 0, 1]
w4
108 56
[0, 0, 0, 0, 0, 0, 0, 0, 0, 0, 0, 1]
w4
108 68
[0, 0, 0, 0, 0, 0, 0, 0, 0, 0, 0, 1]
w4
108 69
[0, 0, 0, 0, 0, 0, 0, 0, 0, 0, 0, 1]
w4
108 70
[0, 0, 0, 0, 0, 0, 0, 0, 0, 0, 0, 1]
w4
108 71
[0, 0, 0, 0, 0, 0, 0, 0, 0, 0, 0, 1]
w4
108 72
[0, 0, 0, 0, 0, 0, 0, 0, 0, 0, 0, 1]
w4
109 54
[0, 0, 0, 0, 0, 0, 0, 0, 0, 0, 0, 1]
w4
109 55
[0, 0, 0, 0, 0, 0, 0, 0, 0, 0, 0, 1]
w4
109 56
[0, 0, 0, 0, 0, 0, 0, 0, 0, 0, 0, 1]
w4
109 57
[0, 0, 0, 0, 0, 0, 0, 0, 0, 0, 0, 1]
w4
109 58
[0, 0, 0, 0, 0, 0, 0, 0, 0, 0, 0, 1]
w4
109 59
[0, 0, 0, 0, 0, 0, 0, 0, 0, 0, 0, 1]
w4
109 60
[0, 0, 0, 0, 0, 0, 0, 0, 0, 0, 0, 1]
w4
109 61
[0, 0, 0, 0, 0, 0, 0, 0, 0, 0, 0, 1]
w4
109 62
[0, 0, 0, 0, 0, 0, 0, 0, 0, 0, 0, 1]
w4
109 63
[0, 0, 0, 0, 0, 0, 0, 0, 0, 0, 0, 1]
w4
109 64
[0, 0, 0, 0, 0, 0, 0, 0, 0, 0, 0, 1]
w4
109 65
[0, 0, 0, 0, 0, 0, 0, 0, 0, 0, 0, 1]
w4
109 66
[0, 0, 0, 0, 0, 0, 0, 0, 0, 0, 0, 1]
w4
109 67
[0, 0, 0, 0, 0, 0, 0, 0, 0, 0, 0, 1]
w4
109 68
[0, 0, 0, 0, 0, 0, 0, 0, 0, 0, 0, 1]
w4
109 69
[0, 0, 0, 0, 0, 0, 0, 0, 0, 0, 0, 1]
w4
109 70
[0, 0, 0, 0, 0, 0, 0, 0, 0, 0, 0, 1]
w4
110 55
[0, 0, 0, 0, 0, 0, 0, 0, 0, 0, 0, 1]
w4
110 56
[0, 0, 0, 0, 0, 0, 0, 0, 0, 0, 0, 1]
w4
110 57
[0, 0, 0, 0, 0, 0, 0, 0, 0, 0, 0, 1]
w4
110 58
[0, 0, 0, 0, 0, 0, 0, 0, 0, 0, 0, 1]
w4
110 59
[0, 0, 0, 0, 0, 0, 0, 0, 0, 0, 0, 1]
w4
110 60
[0, 0, 0, 0, 0, 0, 0, 0, 0, 0, 0, 1]
w4
110 61
[0, 0, 0, 0, 0, 0, 0, 0, 0, 0, 0, 1]
w4
110 62
[0, 0, 0, 0, 0, 0, 0, 0, 0, 0, 0, 1]
w4
110 63
[0, 0, 0, 0, 0, 0, 0, 0, 0, 0, 0, 1]
w4
110 64
[0, 0, 0, 0, 0, 0, 0, 0, 0, 0, 0, 1]
w4
110 65
[0, 0, 0, 0, 0, 0, 0, 0, 0, 0, 0, 1]
w4
110 66
[0, 0, 0, 0, 0, 0, 0, 0, 0, 0, 0, 1]
w4
110 67
[0, 0, 0, 0, 0, 0, 0, 0, 0, 0, 0, 1]
w4
110 68
[0, 0, 0, 0, 0, 0, 0, 0, 0, 0, 0, 1]
w4
111 58
[0, 0, 0, 0, 0, 0, 0, 0, 0, 0, 0, 1]
w4
111 59
[0, 0, 0, 0, 0, 0, 0, 0, 0, 0, 0, 1]
w4
111 60
[0, 0, 0, 0, 0, 0, 0, 0, 0, 0, 0, 1]
w4
111 61
[0, 0, 0, 0, 0, 0, 0, 0, 0, 0, 0, 1]
w4
111 62
[0, 0, 0, 0, 0, 0, 0, 0, 0, 0, 0, 1]
w4
111 63
[0, 0, 0, 0, 0, 0, 0, 0, 0, 0, 0, 1]
w4
111 64
[0, 0, 0, 0, 0, 0, 0, 0, 0, 0, 0, 1]
w4
111 65
[0, 0, 0, 0, 0, 0, 0, 0, 0, 0, 0, 1]
w4
111 66
[0, 0, 0, 0, 0, 0, 0, 0, 0, 0, 0, 1]



Pawn (white)
wp
33 108
[0, 1, 0, 0, 0, 0, 0, 0, 0, 0, 0, 0]
wp
33 109
[0, 1, 0, 0, 0, 0, 0, 0, 0, 0, 0, 0]
wp
34 108
[0, 1, 0, 0, 0, 0, 0, 0, 0, 0, 0, 0]
wp
34 109
[0, 1, 0, 0, 0, 0, 0, 0, 0, 0, 0, 0]
wp
35 95
[0, 1, 0, 0, 0, 0, 0, 0, 0, 0, 0, 0]
wp
35 96
[0, 1, 0, 0, 0, 0, 0, 0, 0, 0, 0, 0]
wp
35 108
[0, 1, 0, 0, 0, 0, 0, 0, 0, 0, 0, 0]
wp
35 109
[0, 1, 0, 0, 0, 0, 0, 0, 0, 0, 0, 0]
wp
36 93
[0, 1, 0, 0, 0, 0, 0, 0, 0, 0, 0, 0]
wp
36 94
[0, 1, 0, 0, 0, 0, 0, 0, 0, 0, 0, 0]
wp
36 95
[0, 1, 0, 0, 0, 0, 0, 0, 0, 0, 0, 0]
wp
36 108
[0, 1, 0, 0, 0, 0, 0, 0, 0, 0, 0, 0]
wp
36 109
[0, 1, 0, 0, 0, 0, 0, 0, 0, 0, 0, 0]
wp
37 92
[0, 1, 0, 0, 0, 0, 0, 0, 0, 0, 0, 0]
wp
37 93
[0, 1, 0, 0, 0, 0, 0, 0, 0, 0, 0, 0]
wp
37 108
[0, 1, 0, 0, 0, 0, 0, 0, 0, 0, 0, 0]
wp
37 109
[0, 1, 0, 0, 0, 0, 0, 0, 0, 0, 0, 0]
wp
38 92
[0, 1, 0, 0, 0, 0, 0, 0, 0, 0, 0, 0]
wp
38 93
[0, 1, 0, 0, 0, 0, 0, 0, 0, 0, 0, 0]
wp
38 108
[0, 1, 0, 0, 0, 0, 0, 0, 0, 0, 0, 0]
wp
38 109
[0, 1, 0, 0, 0, 0, 0, 0, 0, 0, 0, 0]
wp
39 92
[0, 1, 0, 0, 0, 0, 0, 0, 0, 0, 0, 0]
wp
39 93
[0, 1, 0, 0, 0, 0, 0, 0, 0, 0, 0, 0]
wp
39 108
[0, 1, 0, 0, 0, 0, 0, 0, 0, 0, 0, 0]
wp
39 109
[0, 1, 0, 0, 0, 0, 0, 0, 0, 0, 0, 0]
wp
40 92
[0, 1, 0, 0, 0, 0, 0, 0, 0, 0, 0, 0]
wp
40 93
[0, 1, 0, 0, 0, 0, 0, 0, 0, 0, 0, 0]
wp
40 108
[0, 1, 0, 0, 0, 0, 0, 0, 0, 0, 0, 0]
wp
40 109
[0, 1, 0, 0, 0, 0, 0, 0, 0, 0, 0, 0]
wp
41 92
[0, 1, 0, 0, 0, 0, 0, 0, 0, 0, 0, 0]
wp
41 93
[0, 1, 0, 0, 0, 0, 0, 0, 0, 0, 0, 0]
wp
41 108
[0, 1, 0, 0, 0, 0, 0, 0, 0, 0, 0, 0]
wp
41 109
[0, 1, 0, 0, 0, 0, 0, 0, 0, 0, 0, 0]
wp
42 83
[0, 1, 0, 0, 0, 0, 0, 0, 0, 0, 0, 0]
wp
42 92
[0, 1, 0, 0, 0, 0, 0, 0, 0, 0, 0, 0]
wp
42 93
[0, 1, 0, 0, 0, 0, 0, 0, 0, 0, 0, 0]
wp
42 108
[0, 1, 0, 0, 0, 0, 0, 0, 0, 0, 0, 0]
wp
42 109
[0, 1, 0, 0, 0, 0, 0, 0, 0, 0, 0, 0]
wp
43 82
[0, 1, 0, 0, 0, 0, 0, 0, 0, 0, 0, 0]
wp
43 83
[0, 1, 0, 0, 0, 0, 0, 0, 0, 0, 0, 0]
wp
43 92
[0, 1, 0, 0, 0, 0, 0, 0, 0, 0, 0, 0]
wp
43 93
[0, 1, 0, 0, 0, 0, 0, 0, 0, 0, 0, 0]
wp
43 108
[0, 1, 0, 0, 0, 0, 0, 0, 0, 0, 0, 0]
wp
43 109
[0, 1, 0, 0, 0, 0, 0, 0, 0, 0, 0, 0]
wp
44 81
[0, 1, 0, 0, 0, 0, 0, 0, 0, 0, 0, 0]
wp
44 82
[0, 1, 0, 0, 0, 0, 0, 0, 0, 0, 0, 0]
wp
44 83
[0, 1, 0, 0, 0, 0, 0, 0, 0, 0, 0, 0]
wp
44 91
[0, 1, 0, 0, 0, 0, 0, 0, 0, 0, 0, 0]
wp
44 92
[0, 1, 0, 0, 0, 0, 0, 0, 0, 0, 0, 0]
wp
44 93
[0, 1, 0, 0, 0, 0, 0, 0, 0, 0, 0, 0]
wp
44 108
[0, 1, 0, 0, 0, 0, 0, 0, 0, 0, 0, 0]
wp
44 109
[0, 1, 0, 0, 0, 0, 0, 0, 0, 0, 0, 0]
wp
45 81
[0, 1, 0, 0, 0, 0, 0, 0, 0, 0, 0, 0]
wp
45 82
[0, 1, 0, 0, 0, 0, 0, 0, 0, 0, 0, 0]
wp
45 91
[0, 1, 0, 0, 0, 0, 0, 0, 0, 0, 0, 0]
wp
45 92
[0, 1, 0, 0, 0, 0, 0, 0, 0, 0, 0, 0]
wp
45 108
[0, 1, 0, 0, 0, 0, 0, 0, 0, 0, 0, 0]
wp
45 109
[0, 1, 0, 0, 0, 0, 0, 0, 0, 0, 0, 0]
wp
46 91
[0, 1, 0, 0, 0, 0, 0, 0, 0, 0, 0, 0]
wp
46 92
[0, 1, 0, 0, 0, 0, 0, 0, 0, 0, 0, 0]
wp
46 109
[0, 1, 0, 0, 0, 0, 0, 0, 0, 0, 0, 0]
wp
47 91
[0, 1, 0, 0, 0, 0, 0, 0, 0, 0, 0, 0]
wp
47 92
[0, 1, 0, 0, 0, 0, 0, 0, 0, 0, 0, 0]
wp
47 109
[0, 1, 0, 0, 0, 0, 0, 0, 0, 0, 0, 0]
wp
48 92
[0, 1, 0, 0, 0, 0, 0, 0, 0, 0, 0, 0]
wp
48 109
[0, 1, 0, 0, 0, 0, 0, 0, 0, 0, 0, 0]
wp
49 92
[0, 1, 0, 0, 0, 0, 0, 0, 0, 0, 0, 0]
wp
49 109
[0, 1, 0, 0, 0, 0, 0, 0, 0, 0, 0, 0]
wp
50 109
[0, 1, 0, 0, 0, 0, 0, 0, 0, 0, 0, 0]
wp
51 109
[0, 1, 0, 0, 0, 0, 0, 0, 0, 0, 0, 0]
wp
52 109
[0, 1, 0, 0, 0, 0, 0, 0, 0, 0, 0, 0]
wp
72 109
[0, 1, 0, 0, 0, 0, 0, 0, 0, 0, 0, 0]
wp
73 109
[0, 1, 0, 0, 0, 0, 0, 0, 0, 0, 0, 0]
wp
74 109
[0, 1, 0, 0, 0, 0, 0, 0, 0, 0, 0, 0]
wp
75 109
[0, 1, 0, 0, 0, 0, 0, 0, 0, 0, 0, 0]
wp
76 109
[0, 1, 0, 0, 0, 0, 0, 0, 0, 0, 0, 0]
wp
77 109
[0, 1, 0, 0, 0, 0, 0, 0, 0, 0, 0, 0]
wp
78 109
[0, 1, 0, 0, 0, 0, 0, 0, 0, 0, 0, 0]
wp
79 109
[0, 1, 0, 0, 0, 0, 0, 0, 0, 0, 0, 0]
wp
80 109
[0, 1, 0, 0, 0, 0, 0, 0, 0, 0, 0, 0]
wp
81 109
[0, 1, 0, 0, 0, 0, 0, 0, 0, 0, 0, 0]
wp
82 108
[0, 1, 0, 0, 0, 0, 0, 0, 0, 0, 0, 0]
wp
82 109
[0, 1, 0, 0, 0, 0, 0, 0, 0, 0, 0, 0]
wp
83 108
[0, 1, 0, 0, 0, 0, 0, 0, 0, 0, 0, 0]
wp
83 109
[0, 1, 0, 0, 0, 0, 0, 0, 0, 0, 0, 0]
wp
84 108
[0, 1, 0, 0, 0, 0, 0, 0, 0, 0, 0, 0]
wp
84 109
[0, 1, 0, 0, 0, 0, 0, 0, 0, 0, 0, 0]
wp
85 108
[0, 1, 0, 0, 0, 0, 0, 0, 0, 0, 0, 0]
wp
85 109
[0, 1, 0, 0, 0, 0, 0, 0, 0, 0, 0, 0]
wp
86 108
[0, 1, 0, 0, 0, 0, 0, 0, 0, 0, 0, 0]
wp
86 109
[0, 1, 0, 0, 0, 0, 0, 0, 0, 0, 0, 0]
wp
87 108
[0, 1, 0, 0, 0, 0, 0, 0, 0, 0, 0, 0]
wp
87 109
[0, 1, 0, 0, 0, 0, 0, 0, 0, 0, 0, 0]
wp
88 108
[0, 1, 0, 0, 0, 0, 0, 0, 0, 0, 0, 0]
wp
88 109
[0, 1, 0, 0, 0, 0, 0, 0, 0, 0, 0, 0]
wp
89 108
[0, 1, 0, 0, 0, 0, 0, 0, 0, 0, 0, 0]
wp
89 109
[0, 1, 0, 0, 0, 0, 0, 0, 0, 0, 0, 0]
wp
90 108
[0, 1, 0, 0, 0, 0, 0, 0, 0, 0, 0, 0]
wp
90 109
[0, 1, 0, 0, 0, 0, 0, 0, 0, 0, 0, 0]
wp
91 108
[0, 1, 0, 0, 0, 0, 0, 0, 0, 0, 0, 0]
wp
91 109
[0, 1, 0, 0, 0, 0, 0, 0, 0, 0, 0, 0]
wp
92 108
[0, 1, 0, 0, 0, 0, 0, 0, 0, 0, 0, 0]
wp
92 109
[0, 1, 0, 0, 0, 0, 0, 0, 0, 0, 0, 0]