ALL = BLACK

Rook
bl0
33 29
[0, 0, 1, 0, 0, 0, 0, 0, 0, 0, 0, 0]
bl0
33 30
[0, 0, 1, 0, 0, 0, 0, 0, 0, 0, 0, 0]
bl0
33 31
[0, 0, 1, 0, 0, 0, 0, 0, 0, 0, 0, 0]
bl0
33 32
[0, 0, 1, 0, 0, 0, 0, 0, 0, 0, 0, 0]
bl0
33 33
[0, 0, 1, 0, 0, 0, 0, 0, 0, 0, 0, 0]
bl0
33 34
[0, 0, 1, 0, 0, 0, 0, 0, 0, 0, 0, 0]
bl0
33 35
[0, 0, 1, 0, 0, 0, 0, 0, 0, 0, 0, 0]
bl0
33 36
[0, 0, 1, 0, 0, 0, 0, 0, 0, 0, 0, 0]
bl0
33 37
[0, 0, 1, 0, 0, 0, 0, 0, 0, 0, 0, 0]
bl0
34 31
[0, 0, 1, 0, 0, 0, 0, 0, 0, 0, 0, 0]
bl0
34 32
[0, 0, 1, 0, 0, 0, 0, 0, 0, 0, 0, 0]
bl0
34 33
[0, 0, 1, 0, 0, 0, 0, 0, 0, 0, 0, 0]
bl0
34 34
[0, 0, 1, 0, 0, 0, 0, 0, 0, 0, 0, 0]
bl0
34 35
[0, 0, 1, 0, 0, 0, 0, 0, 0, 0, 0, 0]
bl0
34 36
[0, 0, 1, 0, 0, 0, 0, 0, 0, 0, 0, 0]
bl0
35 31
[0, 0, 1, 0, 0, 0, 0, 0, 0, 0, 0, 0]
bl0
35 32
[0, 0, 1, 0, 0, 0, 0, 0, 0, 0, 0, 0]
bl0
35 33
[0, 0, 1, 0, 0, 0, 0, 0, 0, 0, 0, 0]
bl0
35 34
[0, 0, 1, 0, 0, 0, 0, 0, 0, 0, 0, 0]
bl0
35 35
[0, 0, 1, 0, 0, 0, 0, 0, 0, 0, 0, 0]
bl0
36 32
[0, 0, 1, 0, 0, 0, 0, 0, 0, 0, 0, 0]
bl0
36 33
[0, 0, 1, 0, 0, 0, 0, 0, 0, 0, 0, 0]
bl0
37 43
[0, 0, 1, 0, 0, 0, 0, 0, 0, 0, 0, 0]
bl0
75 33
[0, 0, 1, 0, 0, 0, 0, 0, 0, 0, 0, 0]
bl0
76 33
[0, 0, 1, 0, 0, 0, 0, 0, 0, 0, 0, 0]
bl0
76 34
[0, 0, 1, 0, 0, 0, 0, 0, 0, 0, 0, 0]
bl0
77 34
[0, 0, 1, 0, 0, 0, 0, 0, 0, 0, 0, 0]
bl0
78 34
[0, 0, 1, 0, 0, 0, 0, 0, 0, 0, 0, 0]
bl0
78 35
[0, 0, 1, 0, 0, 0, 0, 0, 0, 0, 0, 0]
bl0
79 35
[0, 0, 1, 0, 0, 0, 0, 0, 0, 0, 0, 0]
bl0
79 36
[0, 0, 1, 0, 0, 0, 0, 0, 0, 0, 0, 0]
bl0
80 35
[0, 0, 1, 0, 0, 0, 0, 0, 0, 0, 0, 0]
bl0
80 36
[0, 0, 1, 0, 0, 0, 0, 0, 0, 0, 0, 0]
bl0
80 37
[0, 0, 1, 0, 0, 0, 0, 0, 0, 0, 0, 0]
bl0
81 36
[0, 0, 1, 0, 0, 0, 0, 0, 0, 0, 0, 0]
bl0
81 37
[0, 0, 1, 0, 0, 0, 0, 0, 0, 0, 0, 0]
bl0
82 36
[0, 0, 1, 0, 0, 0, 0, 0, 0, 0, 0, 0]
bl0
82 37
[0, 0, 1, 0, 0, 0, 0, 0, 0, 0, 0, 0]
bl0
84 33
[0, 0, 1, 0, 0, 0, 0, 0, 0, 0, 0, 0]
bl0
90 33
[0, 0, 1, 0, 0, 0, 0, 0, 0, 0, 0, 0]
bl0
90 34
[0, 0, 1, 0, 0, 0, 0, 0, 0, 0, 0, 0]
bl0
90 35
[0, 0, 1, 0, 0, 0, 0, 0, 0, 0, 0, 0]
bl0
90 36
[0, 0, 1, 0, 0, 0, 0, 0, 0, 0, 0, 0]
bl0
90 37
[0, 0, 1, 0, 0, 0, 0, 0, 0, 0, 0, 0]
bl0
90 42
[0, 0, 1, 0, 0, 0, 0, 0, 0, 0, 0, 0]
bl0
90 43
[0, 0, 1, 0, 0, 0, 0, 0, 0, 0, 0, 0]
bl0
91 32
[0, 0, 1, 0, 0, 0, 0, 0, 0, 0, 0, 0]
bl0
91 33
[0, 0, 1, 0, 0, 0, 0, 0, 0, 0, 0, 0]
bl0
91 34
[0, 0, 1, 0, 0, 0, 0, 0, 0, 0, 0, 0]
bl0
91 35
[0, 0, 1, 0, 0, 0, 0, 0, 0, 0, 0, 0]
bl0
91 36
[0, 0, 1, 0, 0, 0, 0, 0, 0, 0, 0, 0]
bl0
91 37
[0, 0, 1, 0, 0, 0, 0, 0, 0, 0, 0, 0]
bl0
92 31
[0, 0, 1, 0, 0, 0, 0, 0, 0, 0, 0, 0]
bl0
92 32
[0, 0, 1, 0, 0, 0, 0, 0, 0, 0, 0, 0]
bl0
92 33
[0, 0, 1, 0, 0, 0, 0, 0, 0, 0, 0, 0]
bl0
92 34
[0, 0, 1, 0, 0, 0, 0, 0, 0, 0, 0, 0]
bl0
92 35
[0, 0, 1, 0, 0, 0, 0, 0, 0, 0, 0, 0]
bl0
92 36
[0, 0, 1, 0, 0, 0, 0, 0, 0, 0, 0, 0]
bl0
92 37
[0, 0, 1, 0, 0, 0, 0, 0, 0, 0, 0, 0]
bl0
93 31
[0, 0, 1, 0, 0, 0, 0, 0, 0, 0, 0, 0]
bl0
93 32
[0, 0, 1, 0, 0, 0, 0, 0, 0, 0, 0, 0]
bl0
93 33
[0, 0, 1, 0, 0, 0, 0, 0, 0, 0, 0, 0]
bl0
93 34
[0, 0, 1, 0, 0, 0, 0, 0, 0, 0, 0, 0]
bl0
93 35
[0, 0, 1, 0, 0, 0, 0, 0, 0, 0, 0, 0]
bl0
93 36
[0, 0, 1, 0, 0, 0, 0, 0, 0, 0, 0, 0]
bl0
93 37
[0, 0, 1, 0, 0, 0, 0, 0, 0, 0, 0, 0]
bl0
94 29
[0, 0, 1, 0, 0, 0, 0, 0, 0, 0, 0, 0]
bl0
94 30
[0, 0, 1, 0, 0, 0, 0, 0, 0, 0, 0, 0]
bl0
94 31
[0, 0, 1, 0, 0, 0, 0, 0, 0, 0, 0, 0]
bl0
94 32
[0, 0, 1, 0, 0, 0, 0, 0, 0, 0, 0, 0]
bl0
94 33
[0, 0, 1, 0, 0, 0, 0, 0, 0, 0, 0, 0]
bl0
94 34
[0, 0, 1, 0, 0, 0, 0, 0, 0, 0, 0, 0]
bl0
94 35
[0, 0, 1, 0, 0, 0, 0, 0, 0, 0, 0, 0]
bl0
94 36
[0, 0, 1, 0, 0, 0, 0, 0, 0, 0, 0, 0]
bl0
94 37
[0, 0, 1, 0, 0, 0, 0, 0, 0, 0, 0, 0]


Knight
bl1
19 75
[0, 0, 0, 1, 0, 0, 0, 0, 0, 0, 0, 0]
bl1
19 76
[0, 0, 0, 1, 0, 0, 0, 0, 0, 0, 0, 0]
bl1
19 77
[0, 0, 0, 1, 0, 0, 0, 0, 0, 0, 0, 0]
bl1
19 78
[0, 0, 0, 1, 0, 0, 0, 0, 0, 0, 0, 0]
bl1
19 79
[0, 0, 0, 1, 0, 0, 0, 0, 0, 0, 0, 0]
bl1
20 68
[0, 0, 0, 1, 0, 0, 0, 0, 0, 0, 0, 0]
bl1
20 69
[0, 0, 0, 1, 0, 0, 0, 0, 0, 0, 0, 0]
bl1
20 70
[0, 0, 0, 1, 0, 0, 0, 0, 0, 0, 0, 0]
bl1
20 76
[0, 0, 0, 1, 0, 0, 0, 0, 0, 0, 0, 0]
bl1
20 77
[0, 0, 0, 1, 0, 0, 0, 0, 0, 0, 0, 0]
bl1
20 78
[0, 0, 0, 1, 0, 0, 0, 0, 0, 0, 0, 0]
bl1
20 79
[0, 0, 0, 1, 0, 0, 0, 0, 0, 0, 0, 0]
bl1
20 80
[0, 0, 0, 1, 0, 0, 0, 0, 0, 0, 0, 0]
bl1
20 81
[0, 0, 0, 1, 0, 0, 0, 0, 0, 0, 0, 0]
bl1
21 66
[0, 0, 0, 1, 0, 0, 0, 0, 0, 0, 0, 0]
bl1
21 67
[0, 0, 0, 1, 0, 0, 0, 0, 0, 0, 0, 0]
bl1
21 68
[0, 0, 0, 1, 0, 0, 0, 0, 0, 0, 0, 0]
bl1
21 69
[0, 0, 0, 1, 0, 0, 0, 0, 0, 0, 0, 0]
bl1
21 70
[0, 0, 0, 1, 0, 0, 0, 0, 0, 0, 0, 0]
bl1
21 71
[0, 0, 0, 1, 0, 0, 0, 0, 0, 0, 0, 0]
bl1
21 77
[0, 0, 0, 1, 0, 0, 0, 0, 0, 0, 0, 0]
bl1
21 78
[0, 0, 0, 1, 0, 0, 0, 0, 0, 0, 0, 0]
bl1
21 79
[0, 0, 0, 1, 0, 0, 0, 0, 0, 0, 0, 0]
bl1
21 80
[0, 0, 0, 1, 0, 0, 0, 0, 0, 0, 0, 0]
bl1
21 81
[0, 0, 0, 1, 0, 0, 0, 0, 0, 0, 0, 0]
bl1
21 82
[0, 0, 0, 1, 0, 0, 0, 0, 0, 0, 0, 0]
bl1
22 69
[0, 0, 0, 1, 0, 0, 0, 0, 0, 0, 0, 0]
bl1
22 78
[0, 0, 0, 1, 0, 0, 0, 0, 0, 0, 0, 0]
bl1
22 79
[0, 0, 0, 1, 0, 0, 0, 0, 0, 0, 0, 0]
bl1
22 80
[0, 0, 0, 1, 0, 0, 0, 0, 0, 0, 0, 0]
bl1
22 81
[0, 0, 0, 1, 0, 0, 0, 0, 0, 0, 0, 0]
bl1
22 82
[0, 0, 0, 1, 0, 0, 0, 0, 0, 0, 0, 0]
bl1
23 79
[0, 0, 0, 1, 0, 0, 0, 0, 0, 0, 0, 0]
bl1
23 80
[0, 0, 0, 1, 0, 0, 0, 0, 0, 0, 0, 0]
bl1
23 81
[0, 0, 0, 1, 0, 0, 0, 0, 0, 0, 0, 0]
bl1
23 82
[0, 0, 0, 1, 0, 0, 0, 0, 0, 0, 0, 0]
bl1
23 83
[0, 0, 0, 1, 0, 0, 0, 0, 0, 0, 0, 0]
bl1
24 80
[0, 0, 0, 1, 0, 0, 0, 0, 0, 0, 0, 0]
bl1
24 81
[0, 0, 0, 1, 0, 0, 0, 0, 0, 0, 0, 0]
bl1
24 82
[0, 0, 0, 1, 0, 0, 0, 0, 0, 0, 0, 0]
bl1
24 83
[0, 0, 0, 1, 0, 0, 0, 0, 0, 0, 0, 0]
bl1
25 81
[0, 0, 0, 1, 0, 0, 0, 0, 0, 0, 0, 0]
bl1
25 82
[0, 0, 0, 1, 0, 0, 0, 0, 0, 0, 0, 0]
bl1
25 83
[0, 0, 0, 1, 0, 0, 0, 0, 0, 0, 0, 0]
bl1
26 82
[0, 0, 0, 1, 0, 0, 0, 0, 0, 0, 0, 0]
bl1
26 83
[0, 0, 0, 1, 0, 0, 0, 0, 0, 0, 0, 0]
bl1
27 83
[0, 0, 0, 1, 0, 0, 0, 0, 0, 0, 0, 0]
bl1
29 51
[0, 0, 0, 1, 0, 0, 0, 0, 0, 0, 0, 0]
bl1
30 49
[0, 0, 0, 1, 0, 0, 0, 0, 0, 0, 0, 0]
bl1
30 50
[0, 0, 0, 1, 0, 0, 0, 0, 0, 0, 0, 0]
bl1
31 47
[0, 0, 0, 1, 0, 0, 0, 0, 0, 0, 0, 0]
bl1
31 48
[0, 0, 0, 1, 0, 0, 0, 0, 0, 0, 0, 0]
bl1
31 49
[0, 0, 0, 1, 0, 0, 0, 0, 0, 0, 0, 0]
bl1
31 50
[0, 0, 0, 1, 0, 0, 0, 0, 0, 0, 0, 0]
bl1
32 47
[0, 0, 0, 1, 0, 0, 0, 0, 0, 0, 0, 0]
bl1
32 48
[0, 0, 0, 1, 0, 0, 0, 0, 0, 0, 0, 0]
bl1
32 49
[0, 0, 0, 1, 0, 0, 0, 0, 0, 0, 0, 0]
bl1
32 50
[0, 0, 0, 1, 0, 0, 0, 0, 0, 0, 0, 0]
bl1
33 47
[0, 0, 0, 1, 0, 0, 0, 0, 0, 0, 0, 0]
bl1
33 48
[0, 0, 0, 1, 0, 0, 0, 0, 0, 0, 0, 0]
bl1
33 49
[0, 0, 0, 1, 0, 0, 0, 0, 0, 0, 0, 0]
bl1
33 50
[0, 0, 0, 1, 0, 0, 0, 0, 0, 0, 0, 0]
bl1
34 47
[0, 0, 0, 1, 0, 0, 0, 0, 0, 0, 0, 0]
bl1
34 48
[0, 0, 0, 1, 0, 0, 0, 0, 0, 0, 0, 0]
bl1
34 49
[0, 0, 0, 1, 0, 0, 0, 0, 0, 0, 0, 0]
bl1
34 50
[0, 0, 0, 1, 0, 0, 0, 0, 0, 0, 0, 0]
bl1
34 79
[0, 0, 0, 1, 0, 0, 0, 0, 0, 0, 0, 0]
bl1
34 80
[0, 0, 0, 1, 0, 0, 0, 0, 0, 0, 0, 0]
bl1
34 81
[0, 0, 0, 1, 0, 0, 0, 0, 0, 0, 0, 0]
bl1
34 82
[0, 0, 0, 1, 0, 0, 0, 0, 0, 0, 0, 0]
bl1
35 47
[0, 0, 0, 1, 0, 0, 0, 0, 0, 0, 0, 0]
bl1
35 48
[0, 0, 0, 1, 0, 0, 0, 0, 0, 0, 0, 0]
bl1
35 49
[0, 0, 0, 1, 0, 0, 0, 0, 0, 0, 0, 0]
bl1
35 50
[0, 0, 0, 1, 0, 0, 0, 0, 0, 0, 0, 0]
bl1
35 80
[0, 0, 0, 1, 0, 0, 0, 0, 0, 0, 0, 0]
bl1
35 81
[0, 0, 0, 1, 0, 0, 0, 0, 0, 0, 0, 0]
bl1
36 49
[0, 0, 0, 1, 0, 0, 0, 0, 0, 0, 0, 0]
bl1
36 50
[0, 0, 0, 1, 0, 0, 0, 0, 0, 0, 0, 0]
bl1
36 81
[0, 0, 0, 1, 0, 0, 0, 0, 0, 0, 0, 0]
bl1
37 50
[0, 0, 0, 1, 0, 0, 0, 0, 0, 0, 0, 0]
bl1
37 80
[0, 0, 0, 1, 0, 0, 0, 0, 0, 0, 0, 0]
bl1
90 81
[0, 0, 0, 1, 0, 0, 0, 0, 0, 0, 0, 0]
bl1
90 82
[0, 0, 0, 1, 0, 0, 0, 0, 0, 0, 0, 0]
bl1
91 81
[0, 0, 0, 1, 0, 0, 0, 0, 0, 0, 0, 0]
bl1
91 82
[0, 0, 0, 1, 0, 0, 0, 0, 0, 0, 0, 0]
bl1
92 80
[0, 0, 0, 1, 0, 0, 0, 0, 0, 0, 0, 0]
bl1
92 81
[0, 0, 0, 1, 0, 0, 0, 0, 0, 0, 0, 0]
bl1
92 82
[0, 0, 0, 1, 0, 0, 0, 0, 0, 0, 0, 0]
bl1
93 79
[0, 0, 0, 1, 0, 0, 0, 0, 0, 0, 0, 0]
bl1
93 80
[0, 0, 0, 1, 0, 0, 0, 0, 0, 0, 0, 0]
bl1
93 81
[0, 0, 0, 1, 0, 0, 0, 0, 0, 0, 0, 0]
bl1
93 82
[0, 0, 0, 1, 0, 0, 0, 0, 0, 0, 0, 0]
bl1
94 79
[0, 0, 0, 1, 0, 0, 0, 0, 0, 0, 0, 0]
bl1
94 80
[0, 0, 0, 1, 0, 0, 0, 0, 0, 0, 0, 0]
bl1
94 81
[0, 0, 0, 1, 0, 0, 0, 0, 0, 0, 0, 0]
bl1
95 79
[0, 0, 0, 1, 0, 0, 0, 0, 0, 0, 0, 0]
bl1
95 80
[0, 0, 0, 1, 0, 0, 0, 0, 0, 0, 0, 0]
bl1
95 81
[0, 0, 0, 1, 0, 0, 0, 0, 0, 0, 0, 0]
bl1
95 88
[0, 0, 0, 1, 0, 0, 0, 0, 0, 0, 0, 0]
bl1
95 89
[0, 0, 0, 1, 0, 0, 0, 0, 0, 0, 0, 0]
bl1
95 90
[0, 0, 0, 1, 0, 0, 0, 0, 0, 0, 0, 0]
bl1
96 80
[0, 0, 0, 1, 0, 0, 0, 0, 0, 0, 0, 0]
bl1
96 87
[0, 0, 0, 1, 0, 0, 0, 0, 0, 0, 0, 0]
bl1
96 88
[0, 0, 0, 1, 0, 0, 0, 0, 0, 0, 0, 0]
bl1
96 89
[0, 0, 0, 1, 0, 0, 0, 0, 0, 0, 0, 0]
bl1
96 90
[0, 0, 0, 1, 0, 0, 0, 0, 0, 0, 0, 0]
bl1
96 91
[0, 0, 0, 1, 0, 0, 0, 0, 0, 0, 0, 0]
bl1
96 92
[0, 0, 0, 1, 0, 0, 0, 0, 0, 0, 0, 0]
bl1
96 93
[0, 0, 0, 1, 0, 0, 0, 0, 0, 0, 0, 0]
bl1
96 94
[0, 0, 0, 1, 0, 0, 0, 0, 0, 0, 0, 0]
bl1
97 85
[0, 0, 0, 1, 0, 0, 0, 0, 0, 0, 0, 0]
bl1
97 86
[0, 0, 0, 1, 0, 0, 0, 0, 0, 0, 0, 0]
bl1
97 87
[0, 0, 0, 1, 0, 0, 0, 0, 0, 0, 0, 0]
bl1
97 88
[0, 0, 0, 1, 0, 0, 0, 0, 0, 0, 0, 0]
bl1
97 89
[0, 0, 0, 1, 0, 0, 0, 0, 0, 0, 0, 0]
bl1
97 90
[0, 0, 0, 1, 0, 0, 0, 0, 0, 0, 0, 0]
bl1
97 91
[0, 0, 0, 1, 0, 0, 0, 0, 0, 0, 0, 0]
bl1
97 92
[0, 0, 0, 1, 0, 0, 0, 0, 0, 0, 0, 0]
bl1
97 93
[0, 0, 0, 1, 0, 0, 0, 0, 0, 0, 0, 0]
bl1
97 94
[0, 0, 0, 1, 0, 0, 0, 0, 0, 0, 0, 0]
bl1
97 95
[0, 0, 0, 1, 0, 0, 0, 0, 0, 0, 0, 0]
bl1
97 96
[0, 0, 0, 1, 0, 0, 0, 0, 0, 0, 0, 0]
bl1
98 84
[0, 0, 0, 1, 0, 0, 0, 0, 0, 0, 0, 0]
bl1
98 85
[0, 0, 0, 1, 0, 0, 0, 0, 0, 0, 0, 0]
bl1
98 86
[0, 0, 0, 1, 0, 0, 0, 0, 0, 0, 0, 0]
bl1
98 87
[0, 0, 0, 1, 0, 0, 0, 0, 0, 0, 0, 0]
bl1
98 88
[0, 0, 0, 1, 0, 0, 0, 0, 0, 0, 0, 0]
bl1
98 89
[0, 0, 0, 1, 0, 0, 0, 0, 0, 0, 0, 0]
bl1
98 90
[0, 0, 0, 1, 0, 0, 0, 0, 0, 0, 0, 0]
bl1
98 91
[0, 0, 0, 1, 0, 0, 0, 0, 0, 0, 0, 0]
bl1
98 92
[0, 0, 0, 1, 0, 0, 0, 0, 0, 0, 0, 0]
bl1
98 93
[0, 0, 0, 1, 0, 0, 0, 0, 0, 0, 0, 0]
bl1
98 94
[0, 0, 0, 1, 0, 0, 0, 0, 0, 0, 0, 0]
bl1
98 95
[0, 0, 0, 1, 0, 0, 0, 0, 0, 0, 0, 0]
bl1
98 96
[0, 0, 0, 1, 0, 0, 0, 0, 0, 0, 0, 0]
bl1
98 97
[0, 0, 0, 1, 0, 0, 0, 0, 0, 0, 0, 0]
bl1
98 98
[0, 0, 0, 1, 0, 0, 0, 0, 0, 0, 0, 0]
bl1
99 83
[0, 0, 0, 1, 0, 0, 0, 0, 0, 0, 0, 0]
bl1
99 84
[0, 0, 0, 1, 0, 0, 0, 0, 0, 0, 0, 0]
bl1
99 85
[0, 0, 0, 1, 0, 0, 0, 0, 0, 0, 0, 0]
bl1
99 86
[0, 0, 0, 1, 0, 0, 0, 0, 0, 0, 0, 0]
bl1
99 87
[0, 0, 0, 1, 0, 0, 0, 0, 0, 0, 0, 0]
bl1
99 88
[0, 0, 0, 1, 0, 0, 0, 0, 0, 0, 0, 0]
bl1
99 89
[0, 0, 0, 1, 0, 0, 0, 0, 0, 0, 0, 0]
bl1
99 90
[0, 0, 0, 1, 0, 0, 0, 0, 0, 0, 0, 0]
bl1
99 91
[0, 0, 0, 1, 0, 0, 0, 0, 0, 0, 0, 0]
bl1
99 92
[0, 0, 0, 1, 0, 0, 0, 0, 0, 0, 0, 0]
bl1
99 93
[0, 0, 0, 1, 0, 0, 0, 0, 0, 0, 0, 0]
bl1
99 94
[0, 0, 0, 1, 0, 0, 0, 0, 0, 0, 0, 0]
bl1
99 95
[0, 0, 0, 1, 0, 0, 0, 0, 0, 0, 0, 0]
bl1
99 96
[0, 0, 0, 1, 0, 0, 0, 0, 0, 0, 0, 0]
bl1
99 97
[0, 0, 0, 1, 0, 0, 0, 0, 0, 0, 0, 0]
bl1
99 98
[0, 0, 0, 1, 0, 0, 0, 0, 0, 0, 0, 0]
bl1
99 99
[0, 0, 0, 1, 0, 0, 0, 0, 0, 0, 0, 0]


Bishop
bl2
20 107
[0, 0, 0, 0, 1, 0, 0, 0, 0, 0, 0, 0]
bl2
21 106
[0, 0, 0, 0, 1, 0, 0, 0, 0, 0, 0, 0]
bl2
21 107
[0, 0, 0, 0, 1, 0, 0, 0, 0, 0, 0, 0]
bl2
21 108
[0, 0, 0, 0, 1, 0, 0, 0, 0, 0, 0, 0]
bl2
22 105
[0, 0, 0, 0, 1, 0, 0, 0, 0, 0, 0, 0]
bl2
22 106
[0, 0, 0, 0, 1, 0, 0, 0, 0, 0, 0, 0]
bl2
22 107
[0, 0, 0, 0, 1, 0, 0, 0, 0, 0, 0, 0]
bl2
23 105
[0, 0, 0, 0, 1, 0, 0, 0, 0, 0, 0, 0]
bl2
23 106
[0, 0, 0, 0, 1, 0, 0, 0, 0, 0, 0, 0]
bl2
23 107
[0, 0, 0, 0, 1, 0, 0, 0, 0, 0, 0, 0]
bl2
104 105
[0, 0, 0, 0, 1, 0, 0, 0, 0, 0, 0, 0]
bl2
104 106
[0, 0, 0, 0, 1, 0, 0, 0, 0, 0, 0, 0]
bl2
104 107
[0, 0, 0, 0, 1, 0, 0, 0, 0, 0, 0, 0]
bl2
105 106
[0, 0, 0, 0, 1, 0, 0, 0, 0, 0, 0, 0]
bl2
105 107
[0, 0, 0, 0, 1, 0, 0, 0, 0, 0, 0, 0]


Queen
bl3
13 32
[0, 0, 0, 0, 0, 1, 0, 0, 0, 0, 0, 0]
bl3
13 33
[0, 0, 0, 0, 0, 1, 0, 0, 0, 0, 0, 0]
bl3
13 34
[0, 0, 0, 0, 0, 1, 0, 0, 0, 0, 0, 0]
bl3
13 35
[0, 0, 0, 0, 0, 1, 0, 0, 0, 0, 0, 0]
bl3
14 31
[0, 0, 0, 0, 0, 1, 0, 0, 0, 0, 0, 0]
bl3
14 32
[0, 0, 0, 0, 0, 1, 0, 0, 0, 0, 0, 0]
bl3
14 33
[0, 0, 0, 0, 0, 1, 0, 0, 0, 0, 0, 0]
bl3
14 34
[0, 0, 0, 0, 0, 1, 0, 0, 0, 0, 0, 0]
bl3
14 35
[0, 0, 0, 0, 0, 1, 0, 0, 0, 0, 0, 0]
bl3
14 36
[0, 0, 0, 0, 0, 1, 0, 0, 0, 0, 0, 0]
bl3
15 30
[0, 0, 0, 0, 0, 1, 0, 0, 0, 0, 0, 0]
bl3
15 31
[0, 0, 0, 0, 0, 1, 0, 0, 0, 0, 0, 0]
bl3
15 32
[0, 0, 0, 0, 0, 1, 0, 0, 0, 0, 0, 0]
bl3
15 33
[0, 0, 0, 0, 0, 1, 0, 0, 0, 0, 0, 0]
bl3
15 34
[0, 0, 0, 0, 0, 1, 0, 0, 0, 0, 0, 0]
bl3
15 35
[0, 0, 0, 0, 0, 1, 0, 0, 0, 0, 0, 0]
bl3
15 36
[0, 0, 0, 0, 0, 1, 0, 0, 0, 0, 0, 0]
bl3
15 37
[0, 0, 0, 0, 0, 1, 0, 0, 0, 0, 0, 0]
bl3
16 30
[0, 0, 0, 0, 0, 1, 0, 0, 0, 0, 0, 0]
bl3
16 31
[0, 0, 0, 0, 0, 1, 0, 0, 0, 0, 0, 0]
bl3
16 32
[0, 0, 0, 0, 0, 1, 0, 0, 0, 0, 0, 0]
bl3
16 33
[0, 0, 0, 0, 0, 1, 0, 0, 0, 0, 0, 0]
bl3
16 34
[0, 0, 0, 0, 0, 1, 0, 0, 0, 0, 0, 0]
bl3
16 35
[0, 0, 0, 0, 0, 1, 0, 0, 0, 0, 0, 0]
bl3
16 36
[0, 0, 0, 0, 0, 1, 0, 0, 0, 0, 0, 0]
bl3
16 37
[0, 0, 0, 0, 0, 1, 0, 0, 0, 0, 0, 0]
bl3
17 30
[0, 0, 0, 0, 0, 1, 0, 0, 0, 0, 0, 0]
bl3
17 31
[0, 0, 0, 0, 0, 1, 0, 0, 0, 0, 0, 0]
bl3
17 32
[0, 0, 0, 0, 0, 1, 0, 0, 0, 0, 0, 0]
bl3
17 33
[0, 0, 0, 0, 0, 1, 0, 0, 0, 0, 0, 0]
bl3
17 34
[0, 0, 0, 0, 0, 1, 0, 0, 0, 0, 0, 0]
bl3
17 35
[0, 0, 0, 0, 0, 1, 0, 0, 0, 0, 0, 0]
bl3
17 36
[0, 0, 0, 0, 0, 1, 0, 0, 0, 0, 0, 0]
bl3
17 37
[0, 0, 0, 0, 0, 1, 0, 0, 0, 0, 0, 0]
bl3
17 41
[0, 0, 0, 0, 0, 1, 0, 0, 0, 0, 0, 0]
bl3
18 30
[0, 0, 0, 0, 0, 1, 0, 0, 0, 0, 0, 0]
bl3
18 31
[0, 0, 0, 0, 0, 1, 0, 0, 0, 0, 0, 0]
bl3
18 32
[0, 0, 0, 0, 0, 1, 0, 0, 0, 0, 0, 0]
bl3
18 33
[0, 0, 0, 0, 0, 1, 0, 0, 0, 0, 0, 0]
bl3
18 34
[0, 0, 0, 0, 0, 1, 0, 0, 0, 0, 0, 0]
bl3
18 35
[0, 0, 0, 0, 0, 1, 0, 0, 0, 0, 0, 0]
bl3
18 36
[0, 0, 0, 0, 0, 1, 0, 0, 0, 0, 0, 0]
bl3
18 37
[0, 0, 0, 0, 0, 1, 0, 0, 0, 0, 0, 0]
bl3
18 42
[0, 0, 0, 0, 0, 1, 0, 0, 0, 0, 0, 0]
bl3
18 43
[0, 0, 0, 0, 0, 1, 0, 0, 0, 0, 0, 0]
bl3
18 44
[0, 0, 0, 0, 0, 1, 0, 0, 0, 0, 0, 0]
bl3
18 45
[0, 0, 0, 0, 0, 1, 0, 0, 0, 0, 0, 0]
bl3
18 46
[0, 0, 0, 0, 0, 1, 0, 0, 0, 0, 0, 0]
bl3
19 31
[0, 0, 0, 0, 0, 1, 0, 0, 0, 0, 0, 0]
bl3
19 32
[0, 0, 0, 0, 0, 1, 0, 0, 0, 0, 0, 0]
bl3
19 33
[0, 0, 0, 0, 0, 1, 0, 0, 0, 0, 0, 0]
bl3
19 34
[0, 0, 0, 0, 0, 1, 0, 0, 0, 0, 0, 0]
bl3
19 35
[0, 0, 0, 0, 0, 1, 0, 0, 0, 0, 0, 0]
bl3
19 36
[0, 0, 0, 0, 0, 1, 0, 0, 0, 0, 0, 0]
bl3
19 37
[0, 0, 0, 0, 0, 1, 0, 0, 0, 0, 0, 0]
bl3
19 48
[0, 0, 0, 0, 0, 1, 0, 0, 0, 0, 0, 0]
bl3
19 49
[0, 0, 0, 0, 0, 1, 0, 0, 0, 0, 0, 0]
bl3
19 50
[0, 0, 0, 0, 0, 1, 0, 0, 0, 0, 0, 0]
bl3
20 32
[0, 0, 0, 0, 0, 1, 0, 0, 0, 0, 0, 0]
bl3
20 33
[0, 0, 0, 0, 0, 1, 0, 0, 0, 0, 0, 0]
bl3
20 34
[0, 0, 0, 0, 0, 1, 0, 0, 0, 0, 0, 0]
bl3
20 35
[0, 0, 0, 0, 0, 1, 0, 0, 0, 0, 0, 0]
bl3
20 36
[0, 0, 0, 0, 0, 1, 0, 0, 0, 0, 0, 0]
bl3
20 55
[0, 0, 0, 0, 0, 1, 0, 0, 0, 0, 0, 0]
bl3
20 56
[0, 0, 0, 0, 0, 1, 0, 0, 0, 0, 0, 0]
bl3
24 50
[0, 0, 0, 0, 0, 1, 0, 0, 0, 0, 0, 0]
bl3
24 51
[0, 0, 0, 0, 0, 1, 0, 0, 0, 0, 0, 0]
bl3
24 52
[0, 0, 0, 0, 0, 1, 0, 0, 0, 0, 0, 0]
bl3
36 22
[0, 0, 0, 0, 0, 1, 0, 0, 0, 0, 0, 0]
bl3
36 23
[0, 0, 0, 0, 0, 1, 0, 0, 0, 0, 0, 0]
bl3
43 114
[0, 0, 0, 0, 0, 1, 0, 0, 0, 0, 0, 0]
bl3
44 114
[0, 0, 0, 0, 0, 1, 0, 0, 0, 0, 0, 0]
bl3
45 114
[0, 0, 0, 0, 0, 1, 0, 0, 0, 0, 0, 0]
bl3
46 114
[0, 0, 0, 0, 0, 1, 0, 0, 0, 0, 0, 0]
bl3
47 114
[0, 0, 0, 0, 0, 1, 0, 0, 0, 0, 0, 0]
bl3
48 114
[0, 0, 0, 0, 0, 1, 0, 0, 0, 0, 0, 0]
bl3
48 115
[0, 0, 0, 0, 0, 1, 0, 0, 0, 0, 0, 0]
bl3
49 114
[0, 0, 0, 0, 0, 1, 0, 0, 0, 0, 0, 0]
bl3
49 115
[0, 0, 0, 0, 0, 1, 0, 0, 0, 0, 0, 0]
bl3
50 114
[0, 0, 0, 0, 0, 1, 0, 0, 0, 0, 0, 0]
bl3
50 115
[0, 0, 0, 0, 0, 1, 0, 0, 0, 0, 0, 0]
bl3
51 115
[0, 0, 0, 0, 0, 1, 0, 0, 0, 0, 0, 0]
bl3
52 115
[0, 0, 0, 0, 0, 1, 0, 0, 0, 0, 0, 0]
bl3
53 115
[0, 0, 0, 0, 0, 1, 0, 0, 0, 0, 0, 0]
bl3
54 115
[0, 0, 0, 0, 0, 1, 0, 0, 0, 0, 0, 0]
bl3
55 115
[0, 0, 0, 0, 0, 1, 0, 0, 0, 0, 0, 0]
bl3
55 116
[0, 0, 0, 0, 0, 1, 0, 0, 0, 0, 0, 0]
bl3
56 115
[0, 0, 0, 0, 0, 1, 0, 0, 0, 0, 0, 0]
bl3
56 116
[0, 0, 0, 0, 0, 1, 0, 0, 0, 0, 0, 0]
bl3
57 115
[0, 0, 0, 0, 0, 1, 0, 0, 0, 0, 0, 0]
bl3
57 116
[0, 0, 0, 0, 0, 1, 0, 0, 0, 0, 0, 0]
bl3
58 115
[0, 0, 0, 0, 0, 1, 0, 0, 0, 0, 0, 0]
bl3
58 116
[0, 0, 0, 0, 0, 1, 0, 0, 0, 0, 0, 0]
bl3
59 115
[0, 0, 0, 0, 0, 1, 0, 0, 0, 0, 0, 0]
bl3
59 116
[0, 0, 0, 0, 0, 1, 0, 0, 0, 0, 0, 0]
bl3
60 115
[0, 0, 0, 0, 0, 1, 0, 0, 0, 0, 0, 0]
bl3
60 116
[0, 0, 0, 0, 0, 1, 0, 0, 0, 0, 0, 0]
bl3
61 115
[0, 0, 0, 0, 0, 1, 0, 0, 0, 0, 0, 0]
bl3
61 116
[0, 0, 0, 0, 0, 1, 0, 0, 0, 0, 0, 0]
bl3
62 115
[0, 0, 0, 0, 0, 1, 0, 0, 0, 0, 0, 0]
bl3
62 116
[0, 0, 0, 0, 0, 1, 0, 0, 0, 0, 0, 0]
bl3
63 115
[0, 0, 0, 0, 0, 1, 0, 0, 0, 0, 0, 0]
bl3
63 116
[0, 0, 0, 0, 0, 1, 0, 0, 0, 0, 0, 0]
bl3
64 115
[0, 0, 0, 0, 0, 1, 0, 0, 0, 0, 0, 0]
bl3
64 116
[0, 0, 0, 0, 0, 1, 0, 0, 0, 0, 0, 0]
bl3
65 115
[0, 0, 0, 0, 0, 1, 0, 0, 0, 0, 0, 0]
bl3
65 116
[0, 0, 0, 0, 0, 1, 0, 0, 0, 0, 0, 0]
bl3
66 115
[0, 0, 0, 0, 0, 1, 0, 0, 0, 0, 0, 0]
bl3
66 116
[0, 0, 0, 0, 0, 1, 0, 0, 0, 0, 0, 0]
bl3
67 115
[0, 0, 0, 0, 0, 1, 0, 0, 0, 0, 0, 0]
bl3
67 116
[0, 0, 0, 0, 0, 1, 0, 0, 0, 0, 0, 0]
bl3
68 115
[0, 0, 0, 0, 0, 1, 0, 0, 0, 0, 0, 0]
bl3
68 116
[0, 0, 0, 0, 0, 1, 0, 0, 0, 0, 0, 0]
bl3
69 115
[0, 0, 0, 0, 0, 1, 0, 0, 0, 0, 0, 0]
bl3
69 116
[0, 0, 0, 0, 0, 1, 0, 0, 0, 0, 0, 0]
bl3
70 115
[0, 0, 0, 0, 0, 1, 0, 0, 0, 0, 0, 0]
bl3
70 116
[0, 0, 0, 0, 0, 1, 0, 0, 0, 0, 0, 0]
bl3
71 115
[0, 0, 0, 0, 0, 1, 0, 0, 0, 0, 0, 0]
bl3
71 116
[0, 0, 0, 0, 0, 1, 0, 0, 0, 0, 0, 0]
bl3
72 115
[0, 0, 0, 0, 0, 1, 0, 0, 0, 0, 0, 0]
bl3
72 116
[0, 0, 0, 0, 0, 1, 0, 0, 0, 0, 0, 0]
bl3
73 115
[0, 0, 0, 0, 0, 1, 0, 0, 0, 0, 0, 0]
bl3
74 115
[0, 0, 0, 0, 0, 1, 0, 0, 0, 0, 0, 0]
bl3
75 115
[0, 0, 0, 0, 0, 1, 0, 0, 0, 0, 0, 0]
bl3
76 115
[0, 0, 0, 0, 0, 1, 0, 0, 0, 0, 0, 0]
bl3
77 114
[0, 0, 0, 0, 0, 1, 0, 0, 0, 0, 0, 0]
bl3
77 115
[0, 0, 0, 0, 0, 1, 0, 0, 0, 0, 0, 0]
bl3
78 114
[0, 0, 0, 0, 0, 1, 0, 0, 0, 0, 0, 0]
bl3
78 115
[0, 0, 0, 0, 0, 1, 0, 0, 0, 0, 0, 0]
bl3
79 114
[0, 0, 0, 0, 0, 1, 0, 0, 0, 0, 0, 0]
bl3
79 115
[0, 0, 0, 0, 0, 1, 0, 0, 0, 0, 0, 0]
bl3
80 114
[0, 0, 0, 0, 0, 1, 0, 0, 0, 0, 0, 0]
bl3
81 114
[0, 0, 0, 0, 0, 1, 0, 0, 0, 0, 0, 0]
bl3
82 114
[0, 0, 0, 0, 0, 1, 0, 0, 0, 0, 0, 0]
bl3
83 114
[0, 0, 0, 0, 0, 1, 0, 0, 0, 0, 0, 0]
bl3
84 114
[0, 0, 0, 0, 0, 1, 0, 0, 0, 0, 0, 0]
bl3
85 23
[0, 0, 0, 0, 0, 1, 0, 0, 0, 0, 0, 0]
bl3
86 22
[0, 0, 0, 0, 0, 1, 0, 0, 0, 0, 0, 0]
bl3
86 23
[0, 0, 0, 0, 0, 1, 0, 0, 0, 0, 0, 0]
bl3
87 22
[0, 0, 0, 0, 0, 1, 0, 0, 0, 0, 0, 0]
bl3
87 23
[0, 0, 0, 0, 0, 1, 0, 0, 0, 0, 0, 0]
bl3
88 22
[0, 0, 0, 0, 0, 1, 0, 0, 0, 0, 0, 0]
bl3
88 23
[0, 0, 0, 0, 0, 1, 0, 0, 0, 0, 0, 0]
bl3
89 22
[0, 0, 0, 0, 0, 1, 0, 0, 0, 0, 0, 0]
bl3
89 23
[0, 0, 0, 0, 0, 1, 0, 0, 0, 0, 0, 0]
bl3
90 22
[0, 0, 0, 0, 0, 1, 0, 0, 0, 0, 0, 0]
bl3
90 23
[0, 0, 0, 0, 0, 1, 0, 0, 0, 0, 0, 0]
bl3
91 23
[0, 0, 0, 0, 0, 1, 0, 0, 0, 0, 0, 0]
bl3
99 75
[0, 0, 0, 0, 0, 1, 0, 0, 0, 0, 0, 0]
bl3
99 76
[0, 0, 0, 0, 0, 1, 0, 0, 0, 0, 0, 0]
bl3
102 52
[0, 0, 0, 0, 0, 1, 0, 0, 0, 0, 0, 0]
bl3
102 53
[0, 0, 0, 0, 0, 1, 0, 0, 0, 0, 0, 0]
bl3
103 51
[0, 0, 0, 0, 0, 1, 0, 0, 0, 0, 0, 0]
bl3
103 52
[0, 0, 0, 0, 0, 1, 0, 0, 0, 0, 0, 0]
bl3
103 53
[0, 0, 0, 0, 0, 1, 0, 0, 0, 0, 0, 0]
bl3
103 54
[0, 0, 0, 0, 0, 1, 0, 0, 0, 0, 0, 0]
bl3
107 32
[0, 0, 0, 0, 0, 1, 0, 0, 0, 0, 0, 0]
bl3
107 33
[0, 0, 0, 0, 0, 1, 0, 0, 0, 0, 0, 0]
bl3
107 34
[0, 0, 0, 0, 0, 1, 0, 0, 0, 0, 0, 0]
bl3
107 35
[0, 0, 0, 0, 0, 1, 0, 0, 0, 0, 0, 0]
bl3
107 55
[0, 0, 0, 0, 0, 1, 0, 0, 0, 0, 0, 0]
bl3
107 56
[0, 0, 0, 0, 0, 1, 0, 0, 0, 0, 0, 0]
bl3
108 31
[0, 0, 0, 0, 0, 1, 0, 0, 0, 0, 0, 0]
bl3
108 32
[0, 0, 0, 0, 0, 1, 0, 0, 0, 0, 0, 0]
bl3
108 33
[0, 0, 0, 0, 0, 1, 0, 0, 0, 0, 0, 0]
bl3
108 34
[0, 0, 0, 0, 0, 1, 0, 0, 0, 0, 0, 0]
bl3
108 35
[0, 0, 0, 0, 0, 1, 0, 0, 0, 0, 0, 0]
bl3
108 36
[0, 0, 0, 0, 0, 1, 0, 0, 0, 0, 0, 0]
bl3
108 48
[0, 0, 0, 0, 0, 1, 0, 0, 0, 0, 0, 0]
bl3
108 49
[0, 0, 0, 0, 0, 1, 0, 0, 0, 0, 0, 0]
bl3
108 50
[0, 0, 0, 0, 0, 1, 0, 0, 0, 0, 0, 0]
bl3
109 30
[0, 0, 0, 0, 0, 1, 0, 0, 0, 0, 0, 0]
bl3
109 31
[0, 0, 0, 0, 0, 1, 0, 0, 0, 0, 0, 0]
bl3
109 32
[0, 0, 0, 0, 0, 1, 0, 0, 0, 0, 0, 0]
bl3
109 33
[0, 0, 0, 0, 0, 1, 0, 0, 0, 0, 0, 0]
bl3
109 34
[0, 0, 0, 0, 0, 1, 0, 0, 0, 0, 0, 0]
bl3
109 35
[0, 0, 0, 0, 0, 1, 0, 0, 0, 0, 0, 0]
bl3
109 36
[0, 0, 0, 0, 0, 1, 0, 0, 0, 0, 0, 0]
bl3
109 37
[0, 0, 0, 0, 0, 1, 0, 0, 0, 0, 0, 0]
bl3
109 42
[0, 0, 0, 0, 0, 1, 0, 0, 0, 0, 0, 0]
bl3
109 43
[0, 0, 0, 0, 0, 1, 0, 0, 0, 0, 0, 0]
bl3
109 44
[0, 0, 0, 0, 0, 1, 0, 0, 0, 0, 0, 0]
bl3
109 45
[0, 0, 0, 0, 0, 1, 0, 0, 0, 0, 0, 0]
bl3
109 46
[0, 0, 0, 0, 0, 1, 0, 0, 0, 0, 0, 0]
bl3
110 30
[0, 0, 0, 0, 0, 1, 0, 0, 0, 0, 0, 0]
bl3
110 31
[0, 0, 0, 0, 0, 1, 0, 0, 0, 0, 0, 0]
bl3
110 32
[0, 0, 0, 0, 0, 1, 0, 0, 0, 0, 0, 0]
bl3
110 33
[0, 0, 0, 0, 0, 1, 0, 0, 0, 0, 0, 0]
bl3
110 34
[0, 0, 0, 0, 0, 1, 0, 0, 0, 0, 0, 0]
bl3
110 35
[0, 0, 0, 0, 0, 1, 0, 0, 0, 0, 0, 0]
bl3
110 36
[0, 0, 0, 0, 0, 1, 0, 0, 0, 0, 0, 0]
bl3
110 37
[0, 0, 0, 0, 0, 1, 0, 0, 0, 0, 0, 0]
bl3
110 41
[0, 0, 0, 0, 0, 1, 0, 0, 0, 0, 0, 0]
bl3
111 30
[0, 0, 0, 0, 0, 1, 0, 0, 0, 0, 0, 0]
bl3
111 31
[0, 0, 0, 0, 0, 1, 0, 0, 0, 0, 0, 0]
bl3
111 32
[0, 0, 0, 0, 0, 1, 0, 0, 0, 0, 0, 0]
bl3
111 33
[0, 0, 0, 0, 0, 1, 0, 0, 0, 0, 0, 0]
bl3
111 34
[0, 0, 0, 0, 0, 1, 0, 0, 0, 0, 0, 0]
bl3
111 35
[0, 0, 0, 0, 0, 1, 0, 0, 0, 0, 0, 0]
bl3
111 36
[0, 0, 0, 0, 0, 1, 0, 0, 0, 0, 0, 0]
bl3
111 37
[0, 0, 0, 0, 0, 1, 0, 0, 0, 0, 0, 0]
bl3
112 30
[0, 0, 0, 0, 0, 1, 0, 0, 0, 0, 0, 0]
bl3
112 31
[0, 0, 0, 0, 0, 1, 0, 0, 0, 0, 0, 0]
bl3
112 32
[0, 0, 0, 0, 0, 1, 0, 0, 0, 0, 0, 0]
bl3
112 33
[0, 0, 0, 0, 0, 1, 0, 0, 0, 0, 0, 0]
bl3
112 34
[0, 0, 0, 0, 0, 1, 0, 0, 0, 0, 0, 0]
bl3
112 35
[0, 0, 0, 0, 0, 1, 0, 0, 0, 0, 0, 0]
bl3
112 36
[0, 0, 0, 0, 0, 1, 0, 0, 0, 0, 0, 0]
bl3
112 37
[0, 0, 0, 0, 0, 1, 0, 0, 0, 0, 0, 0]
bl3
113 31
[0, 0, 0, 0, 0, 1, 0, 0, 0, 0, 0, 0]
bl3
113 32
[0, 0, 0, 0, 0, 1, 0, 0, 0, 0, 0, 0]
bl3
113 33
[0, 0, 0, 0, 0, 1, 0, 0, 0, 0, 0, 0]
bl3
113 34
[0, 0, 0, 0, 0, 1, 0, 0, 0, 0, 0, 0]
bl3
113 35
[0, 0, 0, 0, 0, 1, 0, 0, 0, 0, 0, 0]
bl3
113 36
[0, 0, 0, 0, 0, 1, 0, 0, 0, 0, 0, 0]
bl3
114 32
[0, 0, 0, 0, 0, 1, 0, 0, 0, 0, 0, 0]
bl3
114 33
[0, 0, 0, 0, 0, 1, 0, 0, 0, 0, 0, 0]
bl3
114 34
[0, 0, 0, 0, 0, 1, 0, 0, 0, 0, 0, 0]
bl3
114 35
[0, 0, 0, 0, 0, 1, 0, 0, 0, 0, 0, 0]


King
bl4
91 51
[0, 0, 0, 0, 0, 0, 1, 0, 0, 0, 0, 0]
bl4
91 52
[0, 0, 0, 0, 0, 0, 1, 0, 0, 0, 0, 0]
bl4
92 51
[0, 0, 0, 0, 0, 0, 1, 0, 0, 0, 0, 0]
bl4
92 52
[0, 0, 0, 0, 0, 0, 1, 0, 0, 0, 0, 0]
bl4
92 53
[0, 0, 0, 0, 0, 0, 1, 0, 0, 0, 0, 0]
bl4
92 54
[0, 0, 0, 0, 0, 0, 1, 0, 0, 0, 0, 0]
bl4
93 51
[0, 0, 0, 0, 0, 0, 1, 0, 0, 0, 0, 0]
bl4
93 52
[0, 0, 0, 0, 0, 0, 1, 0, 0, 0, 0, 0]
bl4
93 53
[0, 0, 0, 0, 0, 0, 1, 0, 0, 0, 0, 0]
bl4
93 54
[0, 0, 0, 0, 0, 0, 1, 0, 0, 0, 0, 0]
bl4
93 55
[0, 0, 0, 0, 0, 0, 1, 0, 0, 0, 0, 0]
bl4
93 56
[0, 0, 0, 0, 0, 0, 1, 0, 0, 0, 0, 0]
bl4
94 51
[0, 0, 0, 0, 0, 0, 1, 0, 0, 0, 0, 0]
bl4
94 52
[0, 0, 0, 0, 0, 0, 1, 0, 0, 0, 0, 0]
bl4
94 53
[0, 0, 0, 0, 0, 0, 1, 0, 0, 0, 0, 0]
bl4
94 54
[0, 0, 0, 0, 0, 0, 1, 0, 0, 0, 0, 0]
bl4
94 55
[0, 0, 0, 0, 0, 0, 1, 0, 0, 0, 0, 0]
bl4
94 56
[0, 0, 0, 0, 0, 0, 1, 0, 0, 0, 0, 0]
bl4
94 57
[0, 0, 0, 0, 0, 0, 1, 0, 0, 0, 0, 0]
bl4
95 51
[0, 0, 0, 0, 0, 0, 1, 0, 0, 0, 0, 0]
bl4
95 52
[0, 0, 0, 0, 0, 0, 1, 0, 0, 0, 0, 0]
bl4
95 53
[0, 0, 0, 0, 0, 0, 1, 0, 0, 0, 0, 0]
bl4
95 54
[0, 0, 0, 0, 0, 0, 1, 0, 0, 0, 0, 0]
bl4
95 55
[0, 0, 0, 0, 0, 0, 1, 0, 0, 0, 0, 0]
bl4
95 56
[0, 0, 0, 0, 0, 0, 1, 0, 0, 0, 0, 0]
bl4
96 51
[0, 0, 0, 0, 0, 0, 1, 0, 0, 0, 0, 0]
bl4
96 52
[0, 0, 0, 0, 0, 0, 1, 0, 0, 0, 0, 0]
bl4
96 53
[0, 0, 0, 0, 0, 0, 1, 0, 0, 0, 0, 0]
bl4
96 54
[0, 0, 0, 0, 0, 0, 1, 0, 0, 0, 0, 0]
bl4
106 62
[0, 0, 0, 0, 0, 0, 1, 0, 0, 0, 0, 0]
bl4
106 63
[0, 0, 0, 0, 0, 0, 1, 0, 0, 0, 0, 0]
bl4
106 64
[0, 0, 0, 0, 0, 0, 1, 0, 0, 0, 0, 0]
